  
       XFOIL         Version 6.99
  
 Calculated polar for: pareto_foil_0 0.050615888833507865 0.43483137971
  
 1 1 Reynolds number fixed          Mach number fixed         
  
 xtrf =   1.000 (top)        1.000 (bottom)  
 Mach =   0.000     Re =     0.250 e 6     Ncrit =   9.000  9.000
  
   alpha    CL        CD       CDp       CM     Top_Xtr  Bot_Xtr  Top_Itr  Bot_Itr
  ------ -------- --------- --------- -------- -------- -------- -------- --------
   1.000   0.6035   0.06021   0.04348  -0.1399   0.7127   0.0910  17.9412 107.2769
   2.000   0.8540   0.04906   0.03409  -0.1800   0.7091   0.1051  18.1212 109.1609
   4.000   1.5928   0.02723   0.01349  -0.2980   0.7018   0.1438  18.4850 113.0796
   6.000   1.9161   0.02319   0.00689  -0.3186   0.6516   0.1829  20.9843 115.8678
   7.000   1.9663   0.02530   0.00677  -0.3074   0.6131   0.2014  22.8720 116.9927
   8.000   2.0187   0.02796   0.00708  -0.2971   0.5707   0.2233  24.9311 118.2358
   9.000   2.0537   0.03218   0.00835  -0.2850   0.5242   0.2480  27.1699 119.5845
  10.000   2.0807   0.03779   0.01058  -0.2729   0.4748   0.2777  29.5422 121.1654
  11.000   2.1037   0.04456   0.01358  -0.2615   0.4243   0.3165  31.9781 123.1917
  12.000   2.1156   0.05315   0.01821  -0.2504   0.3724   0.3750  34.5103 126.1851
  13.000   2.1214   0.06345   0.02437  -0.2406   0.3206   1.0000  37.1057 160.0000
  14.000   2.1190   0.07576   0.03206  -0.2318   0.2701   1.0000  39.7401 160.0000
  15.000   2.1125   0.08941   0.04157  -0.2249   0.2249   1.0000  42.2572 160.0000
  16.000   2.1061   0.10346   0.05282  -0.2200   0.1866   1.0000  44.5817 160.0000
  17.000   2.1028   0.11701   0.06552  -0.2171   0.1570   1.0000  46.5817 160.0000
  18.000   2.1035   0.12962   0.07926  -0.2158   0.1347   1.0000  48.2631 160.0000
  19.000   2.1087   0.14114   0.09356  -0.2157   0.1174   1.0000  49.7218 160.0000
  20.000   2.1177   0.15147   0.10789  -0.2164   0.1039   1.0000  50.9759 160.0000
